[
    1,
    0,
    0,
    [
        [
            "cc.Skeleton",
            [
                "_name",
                "_hash",
                "_joints",
                "_bindposes"
            ],
            0,
            12
        ]
    ],
    [
        [
            0,
            0,
            1,
            2,
            3,
            4
        ]
    ],
    [
        [
            0,
            "Skin-0",
            2708864087,
            [
                "Stickman/Stickman_Skel/Root",
                "Stickman/Stickman_Skel/Root/Hips",
                "Stickman/Stickman_Skel/Root/Hips/Spine",
                "Stickman/Stickman_Skel/Root/Hips/Spine/Chest",
                "Stickman/Stickman_Skel/Root/Hips/Spine/Chest/Neck",
                "Stickman/Stickman_Skel/Root/Hips/Spine/Chest/Neck/Head",
                "Stickman/Stickman_Skel/Root/Hips/Spine/Chest/Shoulder_L",
                "Stickman/Stickman_Skel/Root/Hips/Spine/Chest/Shoulder_L/UpperArm_L",
                "Stickman/Stickman_Skel/Root/Hips/Spine/Chest/Shoulder_L/UpperArm_L/Arm_L",
                "Stickman/Stickman_Skel/Root/Hips/Spine/Chest/Shoulder_R",
                "Stickman/Stickman_Skel/Root/Hips/Spine/Chest/Shoulder_R/UpperArm_R",
                "Stickman/Stickman_Skel/Root/Hips/Spine/Chest/Shoulder_R/UpperArm_R/Arm_R",
                "Stickman/Stickman_Skel/Root/Hips/UpperLeg_L",
                "Stickman/Stickman_Skel/Root/Hips/UpperLeg_L/Leg_L",
                "Stickman/Stickman_Skel/Root/Hips/UpperLeg_R",
                "Stickman/Stickman_Skel/Root/Hips/UpperLeg_R/Leg_R"
            ],
            [
                [
                    [
                        7,
                        1,
                        -1.6269266749774358e-15,
                        2.4250567776107346e-7,
                        0,
                        8.361181191851585e-11,
                        0.9999998211860657,
                        -0.00034477608278393745,
                        0,
                        -2.425057346044923e-7,
                        0.0003447763156145811,
                        0.9999998211860657,
                        0,
                        -1.203397061999567e-7,
                        3.7812214839262615e-14,
                        -7.740231922070961e-8,
                        1
                    ],
                    [
                        7,
                        1,
                        -2.6806085563074733e-15,
                        2.425057061827829e-7,
                        0,
                        8.354894553974646e-11,
                        0.9999998211860657,
                        -0.00034451246028766036,
                        0,
                        -2.425057346044923e-7,
                        0.000344512693118304,
                        0.9999998211860657,
                        0,
                        -1.259221562577295e-7,
                        -0.4082781970500946,
                        0.02341439016163349,
                        1
                    ],
                    [
                        7,
                        1,
                        -2.496913231730957e-10,
                        2.424980607429461e-7,
                        0,
                        -1.4481257970544448e-8,
                        0.9981532692909241,
                        0.0607447475194931,
                        0,
                        -2.4206545390370593e-7,
                        -0.06074479594826698,
                        0.9981532096862793,
                        0,
                        -1.1899505381052222e-7,
                        -0.47543764114379883,
                        -0.00563997495919466,
                        1
                    ],
                    [
                        7,
                        1,
                        -2.384513420050638e-10,
                        2.4249877128568187e-7,
                        0,
                        -1.3825935063493944e-8,
                        0.9983168840408325,
                        0.057996101677417755,
                        0,
                        -2.4210444848904444e-7,
                        -0.057996150106191635,
                        0.998316764831543,
                        0,
                        -1.1943363631417014e-7,
                        -0.6680869460105896,
                        -0.0038004033267498016,
                        1
                    ],
                    [
                        7,
                        1,
                        7.976193594494418e-10,
                        2.4242697804766067e-7,
                        0,
                        4.6607059545067386e-8,
                        0.9807080030441284,
                        -0.19547858834266663,
                        0,
                        -2.3790600778283988e-7,
                        0.19547875225543976,
                        0.9807079434394836,
                        0,
                        -1.7140853003638767e-7,
                        -0.8436064720153809,
                        0.21419841051101685,
                        1
                    ],
                    [
                        7,
                        1,
                        1.9693583786298263e-15,
                        2.425057914479112e-7,
                        0,
                        8.368428866534217e-11,
                        1,
                        -0.0003450897347647697,
                        0,
                        -2.4250576302620175e-7,
                        0.0003450899966992438,
                        0.9999999403953552,
                        0,
                        -1.2911041835650394e-7,
                        -0.912773072719574,
                        0.036786999553442,
                        1
                    ],
                    [
                        7,
                        0.09182296693325043,
                        0.9755647778511047,
                        0.19960464537143707,
                        0,
                        -0.9900442361831665,
                        0.11091692000627518,
                        -0.08666092157363892,
                        0,
                        -0.10668295621871948,
                        -0.1896599382162094,
                        0.9760368466377258,
                        0,
                        0.7825642824172974,
                        -0.16182953119277954,
                        0.09420867264270782,
                        1
                    ],
                    [
                        7,
                        -0.06660370528697968,
                        0.9976226091384888,
                        0.017695775255560875,
                        0,
                        -0.012458604760468006,
                        0.0169022548943758,
                        -0.9997797012329102,
                        0,
                        -0.99770188331604,
                        -0.06680948287248611,
                        0.011303241364657879,
                        0,
                        -0.03584198281168938,
                        -0.17348335683345795,
                        0.8087164759635925,
                        1
                    ],
                    [
                        7,
                        0.08719082176685333,
                        0.9961886405944824,
                        0.002439799252897501,
                        0,
                        -0.10424520820379257,
                        0.01155962236225605,
                        -0.9944846630096436,
                        0,
                        -0.9907224178314209,
                        0.0864555686712265,
                        0.10485587269067764,
                        0,
                        -0.010229192674160004,
                        -0.32457080483436584,
                        0.8156473636627197,
                        1
                    ],
                    [
                        7,
                        0.09182287007570267,
                        -0.9755648374557495,
                        -0.19960463047027588,
                        0,
                        0.990044355392456,
                        0.11091682314872742,
                        -0.0866609513759613,
                        0,
                        0.10668297857046127,
                        -0.1896599531173706,
                        0.976036787033081,
                        0,
                        -0.7825642228126526,
                        -0.16182921826839447,
                        0.0942087471485138,
                        1
                    ],
                    [
                        7,
                        -0.06660374999046326,
                        -0.9976227283477783,
                        -0.01769576035439968,
                        0,
                        0.012458562850952148,
                        0.016902241855859756,
                        -0.9997797608375549,
                        0,
                        0.9977017641067505,
                        -0.06680953502655029,
                        0.01130320131778717,
                        0,
                        0.035842038691043854,
                        -0.17348314821720123,
                        0.8087164759635925,
                        1
                    ],
                    [
                        7,
                        0.08719073235988617,
                        -0.9961888790130615,
                        -0.0024404434952884912,
                        0,
                        0.10424516350030899,
                        0.011560254730284214,
                        -0.9944846034049988,
                        0,
                        0.9907223582267761,
                        0.08645543456077576,
                        0.10485588759183884,
                        0,
                        0.010229192674160004,
                        -0.3245711028575897,
                        0.8156471848487854,
                        1
                    ],
                    [
                        7,
                        -0.9995051026344299,
                        -0.024806590750813484,
                        0.019342273473739624,
                        0,
                        0.02461538277566433,
                        -0.9996465444564819,
                        -0.010060652159154415,
                        0,
                        0.019585004076361656,
                        -0.00957956537604332,
                        0.9997621774673462,
                        0,
                        0.10107582807540894,
                        0.4320032298564911,
                        0.047716833651065826,
                        1
                    ],
                    [
                        7,
                        -0.9998807907104492,
                        -0.014643403701484203,
                        -0.004901012405753136,
                        0,
                        0.014932090416550636,
                        -0.9977577924728394,
                        -0.06524171680212021,
                        0,
                        -0.003934662789106369,
                        -0.06530717015266418,
                        0.997857391834259,
                        0,
                        0.10212323069572449,
                        0.21754267811775208,
                        0.062303848564624786,
                        1
                    ],
                    [
                        7,
                        -0.9995051026344299,
                        0.02480669692158699,
                        -0.019342176616191864,
                        0,
                        -0.024615492671728134,
                        -0.9996463656425476,
                        -0.01006066519767046,
                        0,
                        -0.019584912806749344,
                        -0.009579579345881939,
                        0.9997620582580566,
                        0,
                        -0.10107553750276566,
                        0.4320032000541687,
                        0.04771685227751732,
                        1
                    ],
                    [
                        7,
                        -0.9998807311058044,
                        0.014643285423517227,
                        0.004901300650089979,
                        0,
                        -0.014931991696357727,
                        -0.997757613658905,
                        -0.06524169445037842,
                        0,
                        0.003934958949685097,
                        -0.06530715525150299,
                        0.9978572130203247,
                        0,
                        -0.10212297737598419,
                        0.2175426185131073,
                        0.062303874641656876,
                        1
                    ]
                ],
                8,
                8,
                8,
                8,
                8,
                8,
                8,
                8,
                8,
                8,
                8,
                8,
                8,
                8,
                8,
                8
            ]
        ]
    ],
    0,
    0,
    [],
    [],
    []
]
